4294967279,325
4294967294,1015
4294967294,146
11714,6
11714,5
11714,4
11714,3
11714,2
11714,1
11711,6
11711,5
11711,4
11711,3
11711,2
11711,1
4294967294,116
11708,7
11708,6
11708,5
11708,4
11708,3
11708,2
11708,1
11704,5
11704,4
11704,3
11704,2
11704,1
4294967279,252
11702,5
11702,4
11702,3
11702,2
11702,1
4294967279,251
4294967279,244
11698,6
11698,5
11698,4
11698,3
11698,2
11698,1
4294967294,1008
11695,4
11695,3
11695,2
11695,1
11694,4
11694,3
11694,2
11694,1
4294967278,247
11693,6
11693,5
11693,4
11693,3
11693,2
11693,1
11692,5
11692,4
11692,3
11692,2
11692,1
11691,4
11691,3
11691,2
11691,1
4294967294,461
4294967279,238
11690,6
11690,5
11690,4
11690,3
11690,2
11690,1
4294967294,182
4294967294,193
11687,6
11687,5
11687,4
11687,2
11687,1
4294967278,229
11684,7
11684,6
11684,5
11684,4
11684,2
11684,1
4294967278,227
4294967278,225
11680,5
11680,4
11680,3
11680,2
11680,1
4294967278,223
11678,5
11678,4
11678,2
11678,1
4294967278,221
4294967278,215
11674,6
11674,5
11674,4
11674,2
11674,1
4294967279,224
11671,4
11671,3
11671,2
11671,1
11670,4
11670,3
11670,2
11670,1
11669,6
11669,5
11669,4
11669,3
11669,2
11669,1
11668,5
11668,4
11668,3
11668,2
11668,1
11667,4
11667,3
11667,2
11667,1
4294967279,218
4294967278,383
4294967278,380
4294967279,214
11666,6
11666,5
11666,4
11666,3
11666,2
11666,1
4294967294,190
11663,6
11663,5
11663,4
11663,2
11663,1
4294967278,379
4294967278,378
11660,7
11660,6
11660,5
11660,4
11660,2
11660,1
4294967279,340
4294967278,377
4294967278,376
4294967279,156
4294967279,137
11656,5
11656,4
11656,3
11656,2
11656,1
11654,5
11654,4
11654,2
11654,1
4294967279,381
4294967279,295
11650,6
11650,5
11650,4
11650,2
11650,1
4294967278,142
11647,4
11647,3
11647,2
11647,1
4294967278,373
11646,4
11646,3
11646,2
11646,1
11645,6
4294967294,413
11645,5
11645,4
11645,3
11645,2
11645,1
4294967294,996
11644,5
11644,4
11644,3
11644,2
11644,1
11643,4
11643,3
11643,2
11643,1
11642,6
11642,5
11642,4
11642,3
11642,2
11642,1
4294967278,357
4294967278,375
11639,6
11639,5
11639,4
11639,2
11639,1
4294967279,311
4294967278,374
4294967279,307
4294967294,110
4294967294,457
11636,7
11636,6
11636,5
11636,4
11636,3
11636,2
11636,1
11632,5
11632,4
11632,3
11632,2
11632,1
4294967279,306
4294967278,372
11630,5
11630,4
11630,3
11630,2
11630,1
4294967278,219
4294967278,371
4294967279,304
4294967279,303
4294967278,370
4294967278,243
4294967279,302
11626,6
11626,5
11626,4
11626,2
11626,1
4294967278,368
4294967279,188
11623,4
11623,3
11623,2
11623,1
11622,4
11622,3
11622,2
11622,1
4294967278,410
4294967278,385
4294967278,367
11621,6
11621,5
11621,4
11621,3
11621,2
11621,1
4294967278,366
11620,5
11620,4
11620,3
11620,2
11620,1
11619,4
11619,3
11619,2
11619,1
4294967279,301
4294967294,407
4294967294,399
4294967294,404
4294967278,339
4294967278,365
4294967278,251
4294967278,276
11618,6
11618,5
11618,4
11618,3
11618,2
11618,1
4294967278,364
11615,6
11615,5
11615,4
11615,2
11615,1
4294967278,299
4294967279,266
11612,7
4294967278,2
11612,6
11612,5
11612,4
11612,2
11612,1
4294967294,1003
4294967279,183
11608,5
11608,4
11608,3
11608,2
11608,1
11606,5
11606,4
11606,2
11606,1
4294967279,293
4294967279,292
11602,6
11602,5
11602,4
11602,2
11602,1
4294967294,409
4294967294,175
11599,4
11599,3
11599,2
11599,1
11598,4
11598,3
11598,2
11598,1
11597,6
11597,5
11597,4
11597,3
11597,2
11597,1
4294967278,428
4294967279,291
11596,5
11596,4
11596,3
11596,2
11596,1
11595,4
11595,3
11595,2
11595,1
4294967294,195
4294967294,1009
4294967294,1011
4294967279,550
4294967278,390
4294967279,380
4294967279,523
4294967279,179
4294967278,252
4294967279,290
11594,6
11594,5
11594,4
11594,3
11594,2
11594,1
4294967279,163
4294967278,162
4294967279,162
4294967279,289
11591,6
11591,5
11591,4
11591,2
11591,1
4294967279,222
4294967278,351
4294967279,373
11588,7
11588,6
11588,5
11588,4
11588,2
11588,1
4294967294,1012
4294967294,999
4294967294,995
4294967279,248
4294967278,240
4294967278,363
4294967279,286
11584,5
11584,4
11584,3
11584,2
11584,1
4294967279,283
11582,5
11582,4
11582,2
11582,1
4294967279,281
4294967278,362
4294967278,361
4294967279,278
4294967279,344
11578,6
11578,5
11578,4
11578,2
11578,1
4294967279,230
4294967278,161
4294967278,160
4294967294,1006
4294967294,998
4294967279,149
11575,4
11575,3
11575,2
11575,1
4294967279,362
11574,4
11574,3
11574,2
11574,1
11573,6
11573,5
11573,4
11573,3
11573,2
11573,1
4294967279,359
11572,5
4294967278,273
11572,4
11572,3
11572,2
11572,1
4294967279,544
4294967294,191
4294967294,449
4294967294,454
4294967294,455
4294967294,460
11571,4
11571,3
11571,2
11571,1
4294967279,273
4294967278,360
4294967278,359
4294967279,350
4294967278,241
4294967278,420
4294967279,342
4294967279,326
4294967278,310
4294967279,339
11570,6
11570,5
11570,4
11570,3
11570,2
11570,1
4294967279,552
4294967279,259
4294967279,210
4294967278,209
4294967279,209
4294967279,204
4294967278,355
4294967278,354
4294967278,88
11567,6
11567,5
11567,4
11567,2
11567,1
4294967279,334
4294967279,187
4294967279,178
4294967278,176
4294967279,575
4294967278,353
4294967279,172
4294967279,331
4294967278,349
4294967278,345
4294967294,194
4294967294,170
4294967279,542
4294967278,163
11564,7
11564,6
11564,5
4294967279,165
11564,4
4294967278,164
11564,2
11564,1
4294967279,164
4294967279,161
4294967279,574
4294967279,158
4294967278,156
4294967279,152
4294967278,155
4294967279,154
4294967278,154
4294967279,153
4294967278,150
4294967278,149
4294967279,148
4294967279,145
4294967278,145
4294967279,144
4294967278,144
4294967279,143
4294967278,143
4294967278,342
4294967279,139
4294967279,138
4294967278,424
4294967279,516
4294967279,572
4294967294,412
4294967294,402
4294967294,167
4294967294,160
4294967294,169
4294967294,464
4294967294,111
4294967294,456
4294967294,112
4294967278,133
11560,5
11560,4
11560,3
11560,2
11560,1
4294967279,571
4294967279,88
4294967279,174
4294967278,274
4294967279,263
4294967278,289
4294967279,256
11558,5
4294967279,255
11558,4
11558,2
11558,1
4294967279,570
4294967278,319
4294967278,254
4294967278,248
4294967279,522
4294967279,569
4294967278,238
4294967279,233
4294967278,230
4294967279,567
4294967278,409
4294967279,566
4294967278,222
4294967278,218
4294967278,216
11554,6
11554,5
11554,4
11554,2
11554,1
4294967278,303
4294967278,263
4294967278,206
4294967278,205
4294967278,204
4294967278,203
4294967279,203
4294967278,202
4294967279,202
4294967279,201
4294967278,198
4294967278,197
4294967279,197
11551,4
11551,3
11551,2
11551,1
4294967279,194
4294967278,193
4294967279,193
4294967278,192
4294967279,192
4294967278,191
11550,4
11550,3
11550,2
11550,1
4294967278,190
4294967279,564
4294967279,332
11549,6
4294967279,541
4294967278,336
4294967278,314
4294967279,184
11549,5
11549,4
11549,3
11549,2
11549,1
4294967279,180
4294967278,179
4294967278,178
4294967278,177
11548,5
4294967279,175
11548,4
4294967278,173
11548,3
11548,2
11548,1
4294967278,295
4294967279,173
4294967294,473
4294967294,17
4294967294,99
4294967294,76
11547,4
4294967279,169
11547,3
11547,2
11547,1
0,7
4294967279,168
4294967294,198
4294967294,68
4294967294,1
4294967294,0
4294967279,562
4294967278,271
4294967278,282
4294967279,549
4294967279,560
4294967279,535
4294967294,435
4294967294,408
4294967294,185
4294967294,128
4294967294,28
4294967294,406
4294967294,27
4294967294,168
4294967294,443
4294967294,1007
4294967294,458
4294967294,459
4294967294,467
4294967294,384
4294967294,189
4294967294,468
4294967279,360
4294967279,559
4294967294,1413
4294967294,1013
4294967294,1001
4294967294,1004
4294967294,173
4294967294,163
4294967294,46
4294967279,347
4294967294,50
4294967294,91
4294967294,90
4294967294,87
4294967294,86
4294967294,85
4294967294,84
4294967294,1414
4294967294,83
4294967294,150
4294967294,129
4294967294,149
4294967294,29
4294967294,418
4294967294,26
4294967294,53
4294967294,52
4294967294,1417
4294967294,45
4294967294,426
4294967294,44
4294967294,40
4294967294,41
4294967294,38
4294967294,37
4294967294,42
4294967294,67
4294967294,36
4294967294,39
4294967294,1415
4294967294,43
4294967294,416
4294967294,51
4294967294,476
4294967294,25
4294967294,96
4294967294,94
4294967294,9
4294967279,155
4294967294,8
4294967278,413
4294967294,22
4294967294,93
4294967294,95
4294967294,11
4294967294,204
4294967294,201
4294967294,528
4294967294,391
4294967294,162
4294967294,161
4294967294,82
4294967294,81
4294967294,92
4294967294,88
4294967279,363
4294967279,533
4294967278,400
4294967279,310
4294967278,305
4294967278,130
4294967278,128
4294967278,330
4294967278,418
4294967278,126
4294967278,382
4294967278,120
4294967278,119
4294967278,117
4294967278,116
4294967278,217
4294967278,109
4294967278,266
4294967278,433
4294967278,106
4294967278,104
4294967278,101
4294967278,97
4294967278,356
4294967278,397
4294967278,436
4294967278,92
4294967278,275
4294967278,90
4294967278,255
4294967278,87
4294967278,85
4294967278,407
4294967278,82
4294967278,81
4294967278,80
4294967278,445
4294967278,79
4294967278,72
4294967278,387
4294967278,272
4294967278,64
4294967278,415
4294967278,279
4294967278,384
4294967278,231
4294967278,333
4294967278,335
4294967278,34
4294967278,405
4294967278,26
4294967278,25
4294967278,23
4294967278,394
4294967278,343
4294967278,300
4294967278,419
4294967278,0
4294967278,306
4294967278,12
4294967278,11
4294967278,9
4294967278,437
4294967278,7
4294967278,5
4294967279,131
4294967279,358
4294967279,368
4294967279,327
4294967279,117
4294967279,320
4294967279,115
4294967279,110
4294967279,348
4294967279,105
4294967279,268
4294967279,103
4294967279,529
4294967279,300
4294967279,382
4294967279,528
4294967279,357
4294967279,525
4294967279,85
4294967279,83
4294967279,82
4294967279,81
4294967279,79
4294967279,355
4294967279,73
4294967279,70
4294967279,375
4294967279,365
4294967279,343
4294967279,369
4294967279,50
4294967279,46
4294967279,45
4294967279,526
4294967279,329
4294967279,351
4294967279,37
4294967279,519
4294967279,246
4294967279,341
4294967279,28
4294967279,27
4294967279,321
4294967279,305
4294967279,16
4294967279,531
4294967279,12
4294967279,328
4294967279,7
4294967279,288
4294967279,5
4294967294,5
4294967279,558
4294967279,561
4294967279,298
4294967279,135
4294967278,332
4294967279,557
4294967279,270
4294967278,288
4294967279,282
4294967278,287
11546,6
11546,5
11546,4
11546,3
11546,2
11546,1
4294967279,264
4294967278,290
4294967279,258
4294967278,264
4294967279,257
4294967279,372
11543,6
11543,5
11543,4
11543,2
11543,1
4294967278,259
4294967279,555
4294967279,235
4294967278,441
4294967278,212
4294967278,298
4294967279,205
4294967279,208
11540,7
4294967278,207
11540,6
4294967279,207
11540,5
11540,4
4294967279,206
11540,2
11540,1
4294967294,1005
4294967294,192
4294967294,179
4294967278,201
4294967278,200
4294967279,200
4294967278,199
4294967279,199
4294967279,198
4294967278,194
4294967279,196
4294967278,195
4294967279,195
4294967279,191
4294967279,190
4294967278,189
4294967279,189
4294967278,188
4294967278,187
4294967278,184
4294967278,186
4294967279,186
4294967278,185
4294967279,185
4294967278,183
4294967278,181
4294967279,181
4294967278,180
4294967278,329
4294967278,328
4294967279,366
4294967279,177
4294967279,176
4294967278,175
4294967278,172
4294967278,169
4294967278,171
11536,5
4294967279,171
11536,4
4294967278,170
11536,3
11536,2
11536,1
4294967279,170
4294967278,168
4294967278,167
4294967279,167
4294967278,166
4294967279,166
4294967278,165
4294967278,334
4294967279,160
4294967278,159
4294967279,157
4294967279,159
11534,5
4294967278,158
11534,4
11534,2
11534,1
4294967278,157
4294967278,153
4294967278,152
4294967279,151
4294967278,151
4294967279,150
4294967278,146
4294967278,148
4294967279,147
4294967279,146
4294967279,142
4294967279,141
4294967278,141
4294967279,140
4294967278,139
4294967278,136
4294967278,138
4294967279,272
4294967278,277
4294967279,136
4294967279,134
4294967278,134
4294967279,133
4294967279,271
4294967294,393
4294967279,279
4294967279,280
4294967279,277
4294967278,269
4294967278,268
4294967279,275
4294967278,267
11530,6
4294967279,262
11530,5
4294967278,281
11530,4
4294967279,261
11530,2
11530,1
4294967278,265
4294967278,285
4294967279,253
4294967278,257
4294967278,320
11527,4
11527,3
11527,2
11527,1
11526,4
11526,3
11526,2
11526,1
4294967279,364
4294967278,325
4294967279,241
4294967294,1416
4294967294,400
4294967294,398
4294967294,184
4294967294,403
4294967294,463
4294967294,410
4294967278,237
4294967279,517
11525,6
4294967279,514
11525,5
11525,4
11525,3
11525,2
11525,1
4294967279,227
4294967278,226
4294967278,220
4294967279,232
11524,5
4294967279,217
11524,4
11524,3
11524,2
11524,1
4294967278,211
11523,4
11523,3
11523,2
11523,1
4294967278,389
4294967278,402
4294967278,324
4294967279,565
4294967278,447
4294967279,551
4294967294,1420
4294967294,419
4294967294,188
4294967278,312
4294967278,122
4294967278,412
4294967278,401
4294967278,331
4294967278,411
4294967278,425
4294967278,352
4294967278,404
4294967279,530
4294967279,234
4294967279,112
4294967279,100
4294967279,86
4294967279,228
4294967279,226
4294967279,353
4294967279,240
4294967279,299
4294967279,518
4294967279,356
4294967279,370
4294967278,399
4294967279,242
4294967278,443
4294967279,554
4294967278,442
11522,6
11522,5
11522,4
11522,3
11522,2
11522,1
4294967278,440
4294967279,553
4294967278,439
11519,6
11519,5
11519,4
11519,2
11519,1
4294967278,438
11516,7
11516,6
11516,5
11516,4
11516,2
11516,1
4294967278,326
4294967294,148
4294967278,262
4294967278,261
4294967279,254
4294967278,278
4294967279,319
4294967278,435
4294967279,540
4294967278,321
4294967279,537
4294967278,317
4294967278,250
4294967279,243
4294967278,224
11512,5
11512,4
11512,3
11512,2
11512,1
11510,5
11510,4
11510,2
11510,1
4294967279,216
4294967279,284
4294967278,408
4294967278,301
4294967278,434
11506,6
11506,5
11506,4
11506,2
11506,1
11503,4
11503,3
11503,2
11503,1
11502,4
11502,3
11502,2
11502,1
11501,6
11501,5
11501,4
11501,3
11501,2
11501,1
11500,5
11500,4
11500,3
11500,2
11500,1
11499,4
11499,3
11499,2
11499,1
4294967294,183
4294967294,1014
4294967294,417
4294967294,465
4294967278,249
4294967279,573
4294967278,391
4294967278,369
4294967279,274
4294967278,174
4294967279,367
4294967279,250
4294967278,253
4294967279,568
4294967278,417
4294967279,236
4294967278,284
4294967278,341
4294967279,229
4294967278,228
11498,6
11498,5
11498,4
11498,3
11498,2
11498,1
4294967278,392
4294967278,432
4294967279,345
4294967279,211
4294967278,210
4294967279,548
4294967294,392
4294967294,436
4294967278,430
4294967279,294
4294967279,352
4294967279,338
4294967278,429
11495,6
11495,5
11495,4
11495,2
11495,1
4294967279,269
4294967279,267
4294967279,276
4294967278,302
4294967279,547
4294967279,563
11492,7
11492,6
11492,5
11492,4
11492,3
11492,2
11492,1
4294967278,427
4294967279,546
4294967278,426
4294967278,431
4294967279,545
4294967294,385
4294967294,414
4294967294,405
4294967294,394
4294967294,108
11488,5
11488,4
11488,3
11488,2
11488,1
4294967279,322
4294967279,515
11486,5
11486,4
11486,3
11486,2
11486,1
4294967279,220
4294967278,347
4294967278,258
4294967279,534
4294967279,317
4294967278,323
4294967278,233
4294967278,322
4294967279,316
4294967279,314
4294967279,313
4294967279,315
4294967278,358
4294967278,304
4294967279,539
4294967279,249
4294967278,297
4294967279,247
4294967278,246
4294967279,245
4294967278,244
4294967278,242
4294967279,239
4294967279,237
4294967278,236
4294967278,234
4294967278,232
4294967279,231
4294967279,225
4294967279,223
4294967279,221
4294967279,323
4294967279,219
4294967279,215
4294967279,212
4294967278,214
11482,6
4294967279,308
11482,5
4294967278,213
11482,4
4294967279,213
11482,2
11482,1
4294967278,208
4294967279,285
4294967278,256
4294967294,89
4294967278,196
11479,4
11479,3
11479,2
11479,1
4294967279,336
11478,4
11478,3
11478,2
11478,1
4294967293,131
4294967293,130
4294967293,129
4294967293,128
4294967293,127
4294967293,126
4294967293,125
4294967293,124
4294967293,123
4294967293,122
4294967293,121
4294967293,120
4294967293,119
4294967293,118
4294967293,117
4294967293,116
4294967293,115
4294967293,114
4294967293,113
4294967293,112
4294967293,111
4294967293,110
4294967293,109
4294967293,108
4294967293,107
4294967293,106
4294967293,105
4294967293,104
4294967293,103
4294967293,102
4294967293,101
4294967293,100
4294967293,99
4294967293,98
4294967293,97
4294967293,96
4294967293,95
4294967293,94
4294967293,93
4294967293,92
4294967293,91
4294967293,90
4294967293,89
4294967293,87
4294967293,86
4294967293,85
4294967293,84
4294967293,83
4294967293,82
4294967293,81
4294967293,80
4294967293,79
4294967293,78
4294967293,77
4294967293,76
4294967293,75
4294967293,74
4294967293,73
4294967293,72
4294967293,71
4294967293,70
4294967293,69
4294967293,68
4294967293,67
4294967293,66
4294967293,65
4294967293,64
4294967293,63
4294967293,62
4294967293,61
4294967293,60
4294967293,59
4294967293,58
4294967293,57
4294967293,56
4294967293,55
4294967293,54
4294967293,53
4294967293,52
4294967293,51
4294967293,50
4294967293,49
4294967293,48
4294967293,47
4294967293,46
4294967293,45
4294967293,44
4294967293,43
4294967293,42
4294967293,41
4294967293,40
4294967293,39
4294967293,38
4294967293,37
4294967293,36
4294967293,35
4294967293,34
4294967293,33
4294967293,32
4294967293,31
4294967293,30
4294967293,29
4294967293,28
4294967293,27
4294967293,26
4294967293,25
4294967293,24
4294967293,23
4294967293,22
4294967293,21
4294967293,20
4294967293,19
4294967293,18
4294967293,17
4294967293,16
4294967293,15
4294967293,14
4294967293,13
4294967293,12
4294967293,11
4294967293,10
4294967293,9
4294967293,8
4294967293,7
4294967293,6
4294967293,5
4294967293,4
4294967293,3
4294967278,132
4294967278,131
4294967278,129
4294967278,340
4294967278,127
4294967278,416
4294967278,125
4294967278,124
4294967278,123
4294967278,121
4294967278,118
4294967278,115
4294967278,381
4294967278,114
4294967278,346
4294967278,113
4294967278,112
4294967278,111
4294967278,110
4294967278,108
4294967278,107
4294967278,105
4294967278,338
4294967278,103
4294967278,102
4294967278,414
4294967278,100
4294967278,99
4294967278,98
4294967278,96
4294967278,95
4294967278,94
4294967278,93
4294967278,280
4294967278,91
4294967278,296
4294967278,89
4294967278,86
4294967278,84
4294967278,83
4294967278,78
4294967278,76
4294967278,71
4294967278,70
4294967278,292
4294967278,69
4294967278,67
4294967278,63
4294967278,62
4294967278,61
4294967278,60
4294967278,59
4294967278,58
4294967278,43
4294967278,42
4294967278,41
4294967278,40
4294967278,39
4294967278,38
4294967278,37
4294967278,36
4294967278,35
4294967278,309
4294967278,33
4294967278,32
4294967278,31
4294967278,308
4294967278,30
4294967278,29
4294967278,396
4294967278,28
4294967278,27
4294967278,260
4294967278,24
4294967278,22
4294967278,21
4294967278,20
4294967278,19
4294967278,18
4294967278,17
4294967278,16
4294967278,15
4294967278,14
4294967278,393
4294967278,10
4294967278,8
4294967278,6
4294967278,4
4294967279,132
4294967279,130
4294967279,129
4294967279,128
4294967279,127
4294967279,126
4294967279,125
4294967279,124
4294967279,123
4294967279,122
4294967279,121
4294967279,287
4294967279,120
4294967279,119
4294967279,118
4294967279,116
4294967279,114
4294967279,113
4294967279,111
4294967279,109
4294967279,108
4294967279,107
4294967279,106
4294967279,297
4294967279,104
4294967279,102
4294967279,101
4294967279,99
4294967279,98
4294967279,97
4294967279,96
4294967279,95
4294967279,94
4294967279,93
4294967279,513
4294967279,92
4294967279,91
4294967279,349
4294967279,90
4294967279,89
4294967279,87
4294967279,84
4294967279,80
4294967279,77
4294967279,75
4294967279,74
4294967279,71
4294967279,69
4294967279,68
4294967279,66
4294967279,65
4294967279,64
4294967279,63
4294967279,61
4294967279,60
4294967279,59
4294967279,58
4294967279,556
4294967279,44
4294967279,43
4294967279,42
4294967279,41
4294967279,40
4294967279,39
4294967279,38
4294967279,36
4294967279,35
4294967279,34
4294967279,33
4294967279,32
4294967279,31
4294967279,30
4294967279,520
4294967279,29
4294967279,26
4294967279,25
4294967279,24
4294967279,23
4294967279,22
4294967279,324
4294967279,21
4294967279,20
4294967279,19
4294967279,18
4294967279,17
4294967279,14
4294967279,11
4294967279,10
4294967279,538
4294967279,9
4294967279,8
4294967279,6
4294967279,4
4294967279,78
4294967278,77
4294967278,74
4294967279,543
4294967279,76
4294967278,75
4294967278,406
4294967278,386
11477,6
4294967278,73
4294967279,72
11477,5
4294967278,68
11477,4
11477,3
11477,2
11477,1
4294967294,120
4294967278,65
4294967279,67
4294967279,296
4294967278,66
4294967278,327
4294967278,403
11476,5
4294967279,62
11476,4
11476,3
11476,2
11476,1
4294967294,475
4294967278,57
11475,4
11475,3
11475,2
11475,1
4294967279,57
4294967294,1419
4294967278,45
4294967278,56
4294967279,56
4294967279,354
4294967278,55
4294967279,55
4294967279,379
4294967294,397
4294967294,396
4294967294,177
4294967294,420
4294967294,178
4294967294,415
4294967294,453
4294967278,54
4294967279,54
4294967294,474
4294967294,388
4294967294,389
4294967294,423
4294967294,115
4294967294,114
4294967278,53
4294967279,53
4294967278,423
4294967294,2
4294967278,52
4294967279,52
4294967294,387
4294967294,386
4294967278,51
4294967279,260
4294967279,51
4294967278,50
4294967278,422
4294967278,49
4294967279,49
4294967278,48
4294967278,446
4294967279,48
4294967278,47
4294967278,350
4294967279,47
4294967294,107
4294967278,421
4294967278,348
4294967278,46
0,5
4294967279,374
4294967294,1418
4294967294,7
4294967278,44
4294967294,6
11474,6
11474,5
11474,4
11474,3
11474,2
11474,1
11471,6
11471,5
11471,4
11471,2
11471,1
11468,7
11468,6
11468,5
11468,4
11468,2
11468,1
11464,5
11464,4
11464,3
11464,2
11464,1
11462,5
11462,4
11462,2
11462,1
4294967294,1010
11458,6
11458,5
11458,4
11458,2
11458,1
11455,4
11455,3
11455,2
11455,1
11454,4
11454,3
11454,2
11454,1
11453,6
11453,5
11453,4
11453,3
11453,2
11453,1
11452,5
11452,4
11452,3
11452,2
11452,1
11451,4
11451,3
11451,2
11451,1
11450,6
11450,5
11450,4
11450,3
11450,2
11450,1
4294967279,527
11447,6
11447,5
11447,4
11447,2
11447,1
11444,7
11444,6
11444,5
11444,4
11444,2
11444,1
